12885.0000 -16948.0000 2931.0000 717.6040 -226.6760 -237.6560 
433.0000 -10745.0000 4821.0000 900.1160 -281.8200 -299.1440 
-11096.0000 7446.0000 630.0000 900.1160 -284.0160 -297.9240 
25106.0000 -22426.0000 5814.0000 899.6280 -280.8440 -300.6080 
-11661.0000 5971.0000 -1391.0000 898.8960 -282.7960 -299.3880 
-12216.0000 6426.0000 -1391.0000 900.3600 -283.0400 -299.8760 
-9557.0000 4567.0000 -608.0000 899.8720 -282.0640 -300.1200 
-7112.0000 3093.0000 -144.0000 899.1400 -280.8440 -298.6560 
-1019.0000 481.0000 65.0000 899.1400 -281.0880 -298.6560 
-922.0000 393.0000 61.0000 899.3840 -280.8440 -296.7040 
-791.0000 236.0000 -13.0000 897.6760 -282.5520 -298.9000 
-857.0000 258.0000 13.0000 900.3600 -280.3560 -296.7040 
-682.0000 297.0000 39.0000 898.8960 -280.3560 -297.1920 
-664.0000 227.0000 -4.0000 898.4080 -280.8440 -296.2160 
-730.0000 315.0000 118.0000 899.3840 -279.3800 -295.7280 
-752.0000 253.0000 52.0000 899.6280 -281.8200 -295.4840 
-734.0000 188.0000 -13.0000 900.3600 -282.3080 -295.4840 
-844.0000 227.0000 21.0000 899.3840 -279.6240 -296.9480 
-852.0000 315.0000 -17.0000 899.1400 -278.4040 -296.7040 
-936.0000 293.0000 -13.0000 901.3360 -276.9400 -295.7280 
-826.0000 266.0000 -30.0000 898.8960 -282.3080 -296.7040 
-695.0000 350.0000 109.0000 900.6040 -276.9400 -295.9720 
-813.0000 249.0000 -43.0000 898.1640 -278.1600 -297.1920 
-721.0000 280.0000 52.0000 899.1400 -278.6480 -297.6800 
-839.0000 297.0000 122.0000 900.8480 -280.6000 -296.4600 
-660.0000 201.0000 52.0000 899.3840 -278.1600 -296.2160 
-826.0000 336.0000 -8.0000 896.9440 -276.6960 -298.1680 
-861.0000 280.0000 70.0000 898.4080 -279.8680 -296.9480 
-813.0000 319.0000 140.0000 899.6280 -279.6240 -297.1920 
-774.0000 258.0000 70.0000 900.3600 -281.3320 -297.4360 
-852.0000 288.0000 13.0000 899.3840 -279.8680 -297.4360 
-813.0000 341.0000 83.0000 897.6760 -280.6000 -297.1920 
-905.0000 280.0000 78.0000 900.1160 -277.6720 -295.2400 
-831.0000 293.0000 56.0000 900.8480 -276.9400 -296.2160 
-835.0000 301.0000 30.0000 898.8960 -278.1600 -297.1920 
-796.0000 280.0000 -4.0000 898.8960 -279.1360 -296.7040 
-765.0000 315.0000 91.0000 899.6280 -279.3800 -294.9960 
-787.0000 354.0000 188.0000 898.6520 -279.6240 -295.9720 
-682.0000 319.0000 30.0000 898.6520 -279.3800 -295.9720 
-774.0000 315.0000 43.0000 897.6760 -278.8920 -295.2400 
-813.0000 319.0000 83.0000 898.8960 -279.6240 -296.9480 
-752.0000 280.0000 91.0000 899.1400 -277.4280 -296.4600 
-778.0000 275.0000 140.0000 900.3600 -277.4280 -294.9960 
-839.0000 415.0000 65.0000 899.1400 -277.6720 -295.4840 
-761.0000 354.0000 126.0000 899.1400 -279.6240 -295.9720 
-887.0000 284.0000 109.0000 899.1400 -278.8920 -296.9480 
-883.0000 249.0000 118.0000 897.6760 -279.1360 -294.5080 
-826.0000 371.0000 -8.0000 900.3600 -280.3560 -294.2640 
-747.0000 245.0000 78.0000 900.3600 -278.1600 -295.4840 
-813.0000 262.0000 126.0000 897.6760 -277.1840 -295.9720 
-739.0000 301.0000 35.0000 898.4080 -278.4040 -293.7760 
-721.0000 275.0000 144.0000 899.6280 -278.1600 -294.9960 
-835.0000 402.0000 161.0000 898.4080 -277.9160 -294.9960 
-826.0000 424.0000 175.0000 898.4080 -279.8680 -293.7760 
-699.0000 332.0000 122.0000 896.9440 -281.5760 -294.5080 
-761.0000 371.0000 183.0000 897.9200 -280.3560 -294.9960 
-774.0000 306.0000 201.0000 899.6280 -280.3560 -294.7520 
-761.0000 240.0000 131.0000 901.5800 -278.4040 -296.4600 
-730.0000 284.0000 170.0000 899.8720 -279.3800 -294.5080 
-787.0000 332.0000 26.0000 897.9200 -279.3800 -294.7520 
-826.0000 227.0000 140.0000 900.3600 -280.8440 -295.2400 
-743.0000 319.0000 135.0000 899.6280 -278.1600 -294.2640 
-743.0000 319.0000 122.0000 898.8960 -280.3560 -294.5080 
-664.0000 310.0000 65.0000 898.6520 -280.1120 -296.7040 
-642.0000 323.0000 183.0000 899.3840 -282.5520 -295.2400 
-782.0000 284.0000 113.0000 900.1160 -279.8680 -295.7280 
-835.0000 301.0000 122.0000 898.8960 -279.8680 -294.9960 
-756.0000 301.0000 96.0000 899.8720 -280.6000 -295.2400 
-756.0000 310.0000 35.0000 898.8960 -282.0640 -295.7280 
-677.0000 315.0000 83.0000 899.1400 -281.0880 -293.5320 
-796.0000 280.0000 131.0000 899.3840 -277.6720 -294.9960 
-914.0000 315.0000 -21.0000 899.1400 -281.5760 -294.0200 
-901.0000 310.0000 35.0000 899.3840 -280.3560 -294.9960 
-927.0000 345.0000 105.0000 899.1400 -280.3560 -293.0440 
-826.0000 371.0000 83.0000 898.6520 -280.6000 -293.5320 
-743.0000 288.0000 -8.0000 901.0920 -279.8680 -295.2400 
-765.0000 293.0000 70.0000 899.1400 -280.3560 -293.5320 
-712.0000 258.0000 13.0000 898.8960 -279.1360 -293.7760 
-778.0000 315.0000 118.0000 898.1640 -276.6960 -293.5320 
-909.0000 275.0000 83.0000 898.1640 -278.6480 -294.5080 
-817.0000 214.0000 157.0000 899.3840 -278.8920 -295.4840 
-752.0000 284.0000 91.0000 899.6280 -279.8680 -293.0440 
-765.0000 266.0000 70.0000 897.9200 -278.1600 -296.4600 
-686.0000 262.0000 65.0000 901.3360 -279.3800 -295.2400 
-730.0000 306.0000 30.0000 899.8720 -278.6480 -295.9720 
-651.0000 293.0000 105.0000 900.8480 -279.6240 -294.5080 
-677.0000 328.0000 56.0000 899.1400 -279.8680 -294.7520 
-914.0000 336.0000 140.0000 900.8480 -280.8440 -295.2400 
-839.0000 310.0000 118.0000 897.6760 -278.1600 -296.4600 
-743.0000 240.0000 26.0000 899.6280 -278.8920 -295.9720 
-761.0000 328.0000 131.0000 898.1640 -277.9160 -296.2160 
-866.0000 319.0000 35.0000 898.6520 -279.6240 -294.2640 
-721.0000 319.0000 91.0000 898.4080 -278.4040 -294.5080 
-852.0000 345.0000 258.0000 900.1160 -278.4040 -294.0200 
-761.0000 336.0000 -4.0000 899.1400 -279.1360 -293.7760 
-747.0000 297.0000 39.0000 900.1160 -278.6480 -294.0200 
-822.0000 376.0000 83.0000 900.1160 -278.1600 -295.9720 
-756.0000 306.0000 83.0000 897.1880 -276.6960 -293.7760 
-791.0000 315.0000 78.0000 897.6760 -277.9160 -294.9960 
-817.0000 332.0000 -4.0000 896.7000 -278.1600 -293.2880 
-791.0000 258.0000 140.0000 899.1400 -278.8920 -294.2640 
-809.0000 271.0000 109.0000 899.8720 -279.6240 -294.2640 
-857.0000 297.0000 74.0000 900.6040 -277.6720 -293.0440 
-883.0000 293.0000 91.0000 899.3840 -278.6480 -292.5560 
-844.0000 258.0000 144.0000 899.1400 -279.1360 -294.7520 
-796.0000 188.0000 140.0000 897.9200 -279.3800 -293.7760 
-747.0000 262.0000 144.0000 901.5800 -280.1120 -294.2640 
-852.0000 323.0000 74.0000 899.3840 -280.1120 -294.5080 
-796.0000 258.0000 131.0000 900.3600 -279.6240 -292.8000 
-778.0000 288.0000 144.0000 899.1400 -281.3320 -293.2880 
-809.0000 341.0000 131.0000 899.8720 -279.1360 -293.2880 
-669.0000 358.0000 113.0000 899.3840 -282.5520 -294.9960 
-844.0000 196.0000 126.0000 898.4080 -280.6000 -293.0440 
-826.0000 376.0000 109.0000 900.3600 -279.1360 -294.7520 
-848.0000 258.0000 109.0000 897.6760 -279.6240 -294.0200 
-887.0000 371.0000 13.0000 898.6520 -279.8680 -292.3120 
-774.0000 258.0000 122.0000 898.8960 -280.6000 -293.0440 
-800.0000 271.0000 70.0000 897.9200 -281.0880 -294.2640 
-848.0000 376.0000 122.0000 896.9440 -277.6720 -293.5320 
-782.0000 245.0000 -4.0000 899.6280 -278.4040 -293.7760 
-844.0000 310.0000 83.0000 900.1160 -279.1360 -294.5080 
-796.0000 280.0000 109.0000 900.8480 -281.5760 -293.5320 
-651.0000 253.0000 109.0000 898.8960 -282.0640 -294.9960 
-813.0000 297.0000 161.0000 899.1400 -278.6480 -293.2880 
-717.0000 310.0000 48.0000 896.9440 -278.8920 -293.7760 
-734.0000 328.0000 144.0000 901.3360 -279.1360 -294.9960 
-817.0000 258.0000 131.0000 898.1640 -278.4040 -293.0440 
-835.0000 253.0000 56.0000 899.6280 -280.6000 -295.9720 
-782.0000 275.0000 56.0000 899.1400 -278.4040 -293.0440 
-804.0000 284.0000 96.0000 899.6280 -281.3320 -293.7760 
-778.0000 293.0000 91.0000 898.4080 -281.0880 -292.0680 
-809.0000 306.0000 35.0000 899.3840 -280.3560 -294.7520 
-747.0000 249.0000 8.0000 899.3840 -280.3560 -293.5320 
-839.0000 380.0000 52.0000 900.8480 -279.3800 -293.0440 
-831.0000 258.0000 56.0000 900.8480 -283.5280 -293.7760 
-778.0000 336.0000 87.0000 899.3840 -279.3800 -293.5320 
-835.0000 332.0000 83.0000 898.6520 -278.4040 -293.0440 
-730.0000 258.0000 52.0000 899.3840 -278.1600 -294.2640 
-791.0000 240.0000 -17.0000 898.1640 -277.9160 -294.0200 
-822.0000 336.0000 13.0000 898.8960 -276.9400 -292.0680 
-739.0000 371.0000 70.0000 899.6280 -278.6480 -293.0440 
-782.0000 218.0000 83.0000 899.1400 -279.8680 -291.0920 
-844.0000 236.0000 61.0000 898.8960 -278.6480 -291.8240 
-817.0000 323.0000 166.0000 898.1640 -276.4520 -293.7760 
-743.0000 218.0000 100.0000 901.0920 -278.6480 -293.5320 
-857.0000 350.0000 65.0000 897.9200 -277.4280 -293.2880 
-791.0000 301.0000 65.0000 899.1400 -277.9160 -294.2640 
-866.0000 371.0000 26.0000 901.5800 -279.3800 -293.7760 
-800.0000 424.0000 91.0000 900.8480 -278.6480 -294.2640 
-782.0000 332.0000 61.0000 898.6520 -279.3800 -293.5320 
-813.0000 341.0000 30.0000 897.4320 -281.0880 -294.2640 
-1058.0000 328.0000 91.0000 901.3360 -280.1120 -293.2880 
-739.0000 306.0000 78.0000 897.9200 -278.1600 -293.5320 
-848.0000 214.0000 83.0000 899.3840 -279.1360 -293.7760 
-796.0000 271.0000 118.0000 901.3360 -277.1840 -292.3120 
-782.0000 350.0000 170.0000 898.4080 -281.0880 -292.3120 
-726.0000 249.0000 26.0000 898.8960 -278.8920 -292.5560 
-835.0000 332.0000 109.0000 902.5560 -277.6720 -293.2880 
-844.0000 231.0000 74.0000 898.8960 -279.3800 -294.0200 
-796.0000 293.0000 179.0000 899.3840 -278.4040 -292.8000 
-852.0000 323.0000 56.0000 897.6760 -279.1360 -293.7760 
-831.0000 297.0000 144.0000 900.6040 -277.4280 -292.8000 
-800.0000 258.0000 131.0000 900.8480 -278.8920 -293.0440 
-817.0000 319.0000 148.0000 898.1640 -281.0880 -293.2880 
-734.0000 328.0000 183.0000 899.8720 -279.8680 -292.0680 
-791.0000 258.0000 170.0000 898.1640 -278.1600 -292.8000 
-752.0000 280.0000 144.0000 900.8480 -280.6000 -294.0200 
-769.0000 306.0000 144.0000 899.3840 -279.1360 -293.0440 
-817.0000 266.0000 140.0000 903.2880 -279.8680 -292.8000 
-734.0000 297.0000 161.0000 898.8960 -280.6000 -292.5560 
-747.0000 310.0000 126.0000 898.8960 -279.3800 -292.3120 
-839.0000 433.0000 144.0000 898.6520 -282.0640 -292.8000 
-791.0000 301.0000 148.0000 901.5800 -280.8440 -291.5800 
-809.0000 345.0000 74.0000 902.8000 -280.6000 -292.3120 
-813.0000 358.0000 122.0000 898.1640 -280.1120 -293.2880 
-861.0000 280.0000 -21.0000 899.6280 -279.1360 -292.3120 
-852.0000 310.0000 30.0000 898.6520 -281.8200 -289.8720 
-901.0000 354.0000 70.0000 897.4320 -279.1360 -292.5560 
-739.0000 288.0000 74.0000 897.1880 -280.6000 -292.0680 
-857.0000 280.0000 56.0000 900.1160 -278.4040 -290.8480 
-949.0000 275.0000 113.0000 898.8960 -280.1120 -293.7760 
-734.0000 385.0000 30.0000 900.8480 -275.7200 -292.8000 
-787.0000 258.0000 65.0000 900.6040 -278.4040 -292.0680 
-866.0000 288.0000 70.0000 900.3600 -277.9160 -292.0680 
-826.0000 336.0000 87.0000 898.1640 -279.8680 -293.5320 
-896.0000 328.0000 109.0000 900.3600 -280.3560 -293.0440 
-957.0000 350.0000 87.0000 898.4080 -278.4040 -292.8000 
-962.0000 319.0000 -1111.0000 900.6040 -278.8920 -291.8240 
-905.0000 275.0000 4.0000 900.8480 -278.8920 -292.0680 
-752.0000 288.0000 21.0000 899.1400 -279.3800 -294.5080 
-817.0000 249.0000 30.0000 899.1400 -279.6240 -293.5320 
-879.0000 336.0000 30.0000 900.3600 -280.1120 -294.2640 
-791.0000 245.0000 105.0000 899.8720 -279.8680 -294.9960 
-774.0000 341.0000 153.0000 900.8480 -276.9400 -294.2640 
-826.0000 341.0000 87.0000 902.8000 -279.6240 -293.7760 
-704.0000 266.0000 70.0000 897.9200 -277.4280 -292.0680 
-848.0000 253.0000 78.0000 898.1640 -280.1120 -291.3360 
-761.0000 284.0000 91.0000 898.6520 -277.6720 -292.3120 
-839.0000 367.0000 70.0000 902.5560 -275.9640 -293.7760 
-616.0000 223.0000 83.0000 899.8720 -277.1840 -292.0680 
-861.0000 315.0000 65.0000 899.3840 -278.6480 -293.7760 
-787.0000 231.0000 -8.0000 900.1160 -277.9160 -292.3120 
-756.0000 253.0000 48.0000 900.3600 -279.1360 -292.3120 
-905.0000 170.0000 166.0000 900.6040 -277.6720 -292.5560 
-734.0000 336.0000 100.0000 900.8480 -277.4280 -292.5560 
-721.0000 371.0000 131.0000 900.1160 -279.3800 -293.2880 
-721.0000 319.0000 105.0000 898.6520 -278.8920 -292.3120 
-787.0000 262.0000 96.0000 899.6280 -280.3560 -292.5560 
-743.0000 249.0000 126.0000 899.6280 -280.1120 -292.8000 
-686.0000 319.0000 70.0000 898.8960 -280.6000 -292.0680 
-817.0000 328.0000 30.0000 899.6280 -281.0880 -293.0440 
-813.0000 240.0000 105.0000 898.1640 -279.8680 -294.7520 
-791.0000 280.0000 118.0000 899.8720 -280.3560 -294.7520 
-809.0000 253.0000 65.0000 898.8960 -282.0640 -291.8240 
-708.0000 306.0000 30.0000 897.4320 -279.8680 -291.8240 
-870.0000 336.0000 205.0000 898.6520 -279.8680 -292.0680 
-756.0000 293.0000 26.0000 900.6040 -278.6480 -293.0440 
-782.0000 341.0000 126.0000 900.3600 -279.3800 -295.7280 
-726.0000 227.0000 91.0000 898.1640 -277.1840 -293.0440 
-883.0000 345.0000 122.0000 899.3840 -278.6480 -291.5800 
-822.0000 350.0000 118.0000 899.6280 -277.6720 -291.0920 
-887.0000 210.0000 96.0000 899.6280 -278.6480 -292.5560 
-852.0000 393.0000 87.0000 900.8480 -279.3800 -291.3360 
-844.0000 284.0000 70.0000 899.3840 -278.6480 -291.8240 
-822.0000 293.0000 122.0000 901.8240 -277.9160 -291.0920 
-822.0000 223.0000 118.0000 898.4080 -279.3800 -291.0920 
-761.0000 306.0000 70.0000 899.8720 -278.8920 -292.3120 
-896.0000 275.0000 87.0000 900.1160 -278.8920 -292.0680 
-918.0000 297.0000 126.0000 900.8480 -276.9400 -292.5560 
-765.0000 328.0000 39.0000 899.3840 -278.1600 -293.2880 
-761.0000 231.0000 183.0000 901.3360 -279.1360 -292.3120 
-761.0000 245.0000 144.0000 902.5560 -279.8680 -292.5560 
-616.0000 345.0000 140.0000 900.3600 -280.6000 -291.8240 
-791.0000 367.0000 -4.0000 899.6280 -280.8440 -291.8240 
-765.0000 297.0000 113.0000 902.0680 -278.6480 -292.3120 
-839.0000 297.0000 96.0000 899.6280 -280.8440 -290.8480 
-726.0000 306.0000 109.0000 901.0920 -278.4040 -292.0680 
-739.0000 328.0000 170.0000 897.6760 -280.8440 -292.8000 
-699.0000 262.0000 118.0000 896.4560 -279.6240 -292.3120 
-739.0000 306.0000 105.0000 898.6520 -280.1120 -293.7760 
-944.0000 345.0000 105.0000 898.8960 -277.9160 -291.8240 
-839.0000 319.0000 153.0000 899.8720 -278.1600 -291.0920 
-866.0000 280.0000 96.0000 900.1160 -279.6240 -292.0680 
-905.0000 293.0000 126.0000 897.4320 -280.3560 -290.8480 
-857.0000 306.0000 109.0000 897.9200 -280.6000 -292.0680 
-817.0000 415.0000 70.0000 899.3840 -282.3080 -290.8480 
-774.0000 271.0000 100.0000 899.1400 -281.8200 -290.1160 
-752.0000 336.0000 -8.0000 900.1160 -282.0640 -291.8240 
-879.0000 253.0000 105.0000 898.8960 -280.3560 -291.8240 
-739.0000 275.0000 61.0000 899.1400 -281.8200 -293.5320 
-896.0000 398.0000 -13.0000 898.6520 -279.6240 -292.0680 
-844.0000 148.0000 -30.0000 899.6280 -280.8440 -292.3120 
-844.0000 280.0000 48.0000 900.3600 -279.8680 -293.0440 
-822.0000 306.0000 -39.0000 899.3840 -277.4280 -293.2880 
-901.0000 341.0000 48.0000 898.6520 -279.6240 -291.8240 
-782.0000 367.0000 -30.0000 901.8240 -277.4280 -292.3120 
-787.0000 376.0000 21.0000 898.1640 -277.9160 -289.3840 
-800.0000 389.0000 74.0000 897.6760 -277.4280 -291.3360 
-817.0000 336.0000 21.0000 900.6040 -277.1840 -292.0680 
-804.0000 336.0000 87.0000 897.6760 -278.6480 -291.0920 
-909.0000 140.0000 43.0000 901.0920 -277.4280 -291.8240 
-817.0000 332.0000 100.0000 897.9200 -276.6960 -294.0200 
-699.0000 258.0000 170.0000 899.8720 -280.1120 -293.7760 
-756.0000 266.0000 170.0000 901.3360 -276.6960 -293.5320 
-852.0000 306.0000 87.0000 899.8720 -275.4760 -293.5320 
-844.0000 345.0000 65.0000 897.4320 -277.1840 -294.5080 
-782.0000 223.0000 166.0000 898.8960 -277.1840 -293.5320 
-634.0000 236.0000 188.0000 900.6040 -276.9400 -292.5560 
-839.0000 323.0000 91.0000 900.1160 -276.4520 -292.5560 
-813.0000 288.0000 61.0000 900.6040 -278.1600 -292.5560 
-796.0000 297.0000 188.0000 899.1400 -278.6480 -292.3120 
-822.0000 280.0000 170.0000 899.3840 -279.8680 -293.0440 
-739.0000 315.0000 218.0000 900.6040 -279.8680 -291.0920 
-756.0000 345.0000 122.0000 898.6520 -280.3560 -290.8480 
-778.0000 380.0000 175.0000 897.4320 -280.8440 -291.8240 
-704.0000 323.0000 4.0000 898.8960 -280.6000 -292.0680 
-870.0000 323.0000 135.0000 899.3840 -278.8920 -291.5800 
-704.0000 253.0000 91.0000 900.1160 -281.0880 -292.3120 
-647.0000 249.0000 192.0000 900.1160 -278.6480 -292.0680 
-691.0000 306.0000 96.0000 900.1160 -279.1360 -291.3360 
-796.0000 350.0000 166.0000 900.3600 -280.6000 -292.8000 
-774.0000 293.0000 56.0000 900.1160 -279.3800 -292.3120 
-822.0000 266.0000 74.0000 900.3600 -279.3800 -292.3120 
-551.0000 301.0000 122.0000 900.8480 -280.6000 -291.8240 
-901.0000 288.0000 118.0000 898.1640 -278.8920 -293.7760 
-778.0000 245.0000 96.0000 900.6040 -278.8920 -292.5560 
-826.0000 275.0000 56.0000 900.1160 -279.6240 -292.5560 
-726.0000 196.0000 48.0000 900.1160 -279.6240 -293.0440 
-695.0000 249.0000 96.0000 898.8960 -279.6240 -292.3120 
-747.0000 236.0000 74.0000 898.1640 -279.8680 -294.0200 
-761.0000 201.0000 122.0000 899.3840 -279.1360 -293.2880 
-887.0000 306.0000 201.0000 899.6280 -280.3560 -293.5320 
-704.0000 293.0000 131.0000 899.6280 -278.1600 -294.0200 
-992.0000 323.0000 17.0000 900.1160 -279.1360 -290.3600 
-831.0000 214.0000 -39.0000 899.3840 -280.1120 -293.7760 
-870.0000 350.0000 78.0000 898.1640 -280.8440 -291.8240 
-835.0000 258.0000 -52.0000 898.8960 -278.1600 -292.3120 
-822.0000 367.0000 0.0000 898.8960 -278.6480 -291.5800 
-852.0000 253.0000 118.0000 901.3360 -280.3560 -291.8240 
-887.0000 288.0000 70.0000 898.1640 -277.6720 -289.8720 
-866.0000 319.0000 78.0000 900.1160 -278.4040 -290.8480 
-699.0000 293.0000 135.0000 899.8720 -277.1840 -291.0920 
-870.0000 319.0000 188.0000 901.3360 -278.6480 -289.6280 
-831.0000 297.0000 83.0000 901.0920 -277.4280 -291.0920 
-892.0000 293.0000 91.0000 899.6280 -278.1600 -292.3120 
-691.0000 223.0000 140.0000 902.3120 -279.3800 -290.6040 
-804.0000 415.0000 196.0000 898.8960 -277.6720 -289.8720 
-800.0000 345.0000 109.0000 898.1640 -277.1840 -292.5560 
-739.0000 301.0000 39.0000 898.4080 -279.8680 -290.6040 
-699.0000 341.0000 96.0000 899.3840 -279.8680 -294.5080 
-708.0000 293.0000 148.0000 900.6040 -278.1600 -292.3120 
-835.0000 336.0000 144.0000 899.8720 -279.3800 -291.3360 
-817.0000 301.0000 65.0000 901.0920 -279.3800 -293.5320 
-739.0000 319.0000 56.0000 900.3600 -279.6240 -293.0440 
-839.0000 345.0000 30.0000 900.1160 -280.8440 -293.2880 
-826.0000 345.0000 56.0000 899.6280 -278.8920 -292.3120 
-804.0000 332.0000 61.0000 899.8720 -281.5760 -294.2640 
-769.0000 319.0000 39.0000 898.1640 -280.8440 -292.3120 
-866.0000 380.0000 39.0000 899.1400 -279.6240 -292.5560 
-774.0000 288.0000 91.0000 897.6760 -280.1120 -294.0200 
-826.0000 402.0000 52.0000 901.0920 -280.6000 -290.3600 
-804.0000 336.0000 39.0000 900.3600 -277.1840 -292.8000 
-874.0000 306.0000 17.0000 898.6520 -275.9640 -290.6040 
-752.0000 354.0000 1111.0000 901.5800 -277.4280 -292.3120 
-756.0000 319.0000 140.0000 899.8720 -277.4280 -292.5560 
-809.0000 367.0000 43.0000 900.1160 -276.9400 -291.0920 
-826.0000 196.0000 43.0000 897.9200 -277.6720 -291.5800 
-791.0000 315.0000 192.0000 900.3600 -279.6240 -291.8240 
-861.0000 354.0000 192.0000 899.6280 -276.2080 -290.8480 
-796.0000 306.0000 91.0000 901.0920 -280.8440 -292.0680 
-826.0000 280.0000 161.0000 897.6760 -276.9400 -292.8000 
-817.0000 371.0000 135.0000 900.3600 -279.3800 -291.8240 
-957.0000 310.0000 148.0000 899.3840 -277.6720 -291.8240 
-804.0000 341.0000 109.0000 898.1640 -278.8920 -291.5800 
-957.0000 315.0000 65.0000 901.5800 -280.6000 -292.3120 
-747.0000 345.0000 179.0000 899.8720 -279.3800 -291.5800 
-726.0000 415.0000 4.0000 896.9440 -277.9160 -292.3120 
-761.0000 328.0000 96.0000 898.4080 -281.3320 -292.8000 
